0, 0, 0, 0,
0, 0, 0, 0,
0, 0,
0, 255, 0, 0,
87, 255, 0, 0,
80, 10,
87, 255, 0, 0,
100, 255, 64, 0,
80, 10,
100, 255, 64, 0,
99, 255, 128, 0,
80, 10,
99, 255, 128, 0,
95, 255, 202, 0,
80, 10,
95, 255, 202, 0,
88, 255, 255, 0,
80, 10,
88, 255, 255, 0,
74, 128, 255, 0,
80, 10,
74, 128, 255, 0,
45, 0, 255, 0,
80, 10,
45, 0, 255, 0,
0, 0, 255, 0,
80, 10,
0, 0, 255, 0,
87, 0, 255, 0,
80, 10,
87, 0, 255, 0,
100, 0, 255, 200,
80, 10,
100, 0, 255, 200,
99, 100, 200, 255,
80, 10,
99, 100, 200, 255,
95, 124, 129, 255,
80, 10,
95, 124, 129, 255,
88, 178, 100, 255,
80, 10,
88, 178, 100, 255,
74, 255, 40, 157,
80, 10,
74, 255, 40, 157,
45, 255, 0, 0,
80, 10,
45, 255, 0, 0,
0, 255, 0, 0,
80, 10,