0, 0, 0, 0,
0, 0, 0, 0,
0, 1,
100, 0, 255, 255,
100, 0, 255, 255,
200, 200,
100, 0, 255, 255,
0, 0, 255, 255,
520, 80,
0, 0, 255, 255,
0, 0, 255, 255,
280, 280,
100, 0, 255, 255,
100, 0, 255, 255,
200, 200,
100, 0, 255, 255,
0, 0, 255, 255,
520, 80,
0, 0, 255, 255,
0, 0, 255, 255,
280, 280,
100, 255, 0, 0,
100, 255, 0, 0,
90, 90,
100, 255, 0, 0,
0, 255, 0, 0,
90, 30,
0, 255, 0, 0,
0, 255, 0, 0,
70, 70,
100, 255, 0, 0,
100, 255, 0, 0,
90, 90,
100, 255, 0, 0,
0, 255, 0, 0,
90, 30,
0, 255, 0, 0,
0, 255, 0, 0,
70, 70,
100, 255, 0, 0,
100, 255, 0, 0,
90, 90,
100, 255, 0, 0,
0, 255, 0, 0,
90, 30,
0, 255, 0, 0,
0, 255, 0, 0,
70, 70,
100, 255, 0, 0,
100, 255, 0, 0,
90, 90,
100, 255, 0, 0,
0, 255, 0, 0,
90, 30,
0, 255, 0, 0,
0, 255, 0, 0,
70, 70,